[gd_scene load_steps=9 format=2]

[ext_resource path="res://Textures/Grass.png" type="Texture" id=1]
[ext_resource path="res://Scripts/Tester.gd" type="Script" id=2]
[ext_resource path="res://Models/GrassModel.obj" type="ArrayMesh" id=3]

[sub_resource type="SpatialMaterial" id=1]
albedo_color = Color( 0.588235, 0.792157, 0.521569, 1 )

[sub_resource type="QuadMesh" id=2]

[sub_resource type="Shader" id=3]
code = "shader_type spatial;
render_mode depth_draw_alpha_prepass, cull_disabled, world_vertex_coords;
uniform sampler2D albedo;
uniform vec4 tint : hint_color;
uniform float alpha_scissor_threshold;

const float PI = 3.141592653;

float rand(float time, float start, float end){
	return mod(time,end) - start;
}
void vertex(){
	
	vec3 result = VERTEX + (1.0f - UV.y)*sin(TIME)*0.1f;
	VERTEX = result;
}

void fragment(){
	vec4 color = texture(albedo,UV);
	ALBEDO = color.rgb * tint.rgb;
	ALPHA = color.a * sin(UV.y*PI);
}"

[sub_resource type="ShaderMaterial" id=4]
shader = SubResource( 3 )
shader_param/tint = Color( 0.54902, 1, 0.403922, 1 )
shader_param/alpha_scissor_threshold = 0.01
shader_param/albedo = ExtResource( 1 )

[sub_resource type="QuadMesh" id=5]

[node name="Spatial" type="Spatial"]
transform = Transform( 1, 0, 0, 0, 1, 0, 0, 0, 1, 0, 0.5, 0 )
script = ExtResource( 2 )

[node name="Floor" type="MeshInstance" parent="."]
transform = Transform( 10, 0, 0, 0, -4.37114e-07, 1, 0, -10, -4.37114e-08, 0, -0.5, 0 )
material_override = SubResource( 1 )
mesh = SubResource( 2 )
material/0 = null

[node name="DirectionalLight" type="DirectionalLight" parent="."]
transform = Transform( 1, 0, 0, 0, 1, 0, 0, 0, 1, 0, 2.35968, 5.32706 )

[node name="Grass" type="Spatial" parent="."]
transform = Transform( 1, 0, 0, 0, 1, 0, 0, 0, 1, 0.253957, 0, 1.67873 )

[node name="MeshInstance" type="MeshInstance" parent="Grass"]
transform = Transform( 1, 0, 0, 0, 1, 0, 0, 0, 1, -0.767383, 0, 1.09024 )
material_override = SubResource( 4 )
mesh = SubResource( 5 )
material/0 = null

[node name="MeshInstance3" type="MeshInstance" parent="Grass"]
transform = Transform( -0.707107, 0, 0.707107, 0, 1, 0, -0.707107, 0, -0.707107, 2.39391, -0.498724, -1.78219 )
material_override = SubResource( 4 )
mesh = ExtResource( 3 )
material/0 = null

[node name="MeshInstance5" type="MeshInstance" parent="Grass"]
transform = Transform( -0.99776, 0, -0.0669009, 0, 1, 0, 0.0669009, 0, -0.99776, 2.39391, -0.498724, -1.14038 )
material_override = SubResource( 4 )
mesh = ExtResource( 3 )
material/0 = null

[node name="MeshInstance4" type="MeshInstance" parent="Grass"]
transform = Transform( -0.707107, 0, -0.707107, 0, 1, 0, 0.707107, 0, -0.707107, 1.00004, 0, 0.0469936 )
material_override = SubResource( 4 )
mesh = SubResource( 5 )
material/0 = null
